% -------------------------------------------------------------------
%  Generated by MATLAB on 17-Jun-2015 13:09:11
%  MATLAB version: 8.5.0.197613 (R2015a)
% -------------------------------------------------------------------
                                         

EndTimeSimulation = 6.30648E+7;

StartTimeSimulation = 0;

